1 297.735 3657.92 1 305 0 0 1 -1 
2 10 10 0 1000 0 0 2 1 
3 532.955 865 1 2 -1 500 
4 450 865 1 2 
5 800 820 1 10 844 
8 350 830 1 0 1 100 
9 600 780 1 1 1 0 
7 500 700 1 0 0 20 
7 900 900 1 0 0 20 
7 900 880 1 0 0 20 
7 900 860 1 0 0 20 
7 900 840 1 0 0 20 
7 900 820 1 0 0 20 
7 900 800 1 0 0 20 
7 900 780 1 0 0 20 
7 900 760 1 0 0 20 
7 900 740 1 0 0 20 
7 900 720 1 0 0 20 
7 900 700 1 0 0 20 
7 900 680 1 0 0 20 
7 900 660 1 0 0 20 
7 900 640 1 0 0 20 
7 900 620 1 0 0 20 
6 0 880 1 0 0 
6 20 880 1 0 0 
6 40 880 1 0 0 
6 60 880 1 0 0 
6 80 880 1 0 0 
6 100 880 1 0 0 
6 120 880 1 0 0 
6 140 880 1 0 0 
6 160 880 1 0 0 
6 180 880 1 0 0 
6 200 880 1 0 0 
6 220 880 1 0 0 
6 240 880 1 0 0 
6 260 880 1 0 0 
6 280 880 1 0 0 
6 300 880 1 0 0 
6 320 880 1 0 0 
6 340 880 1 0 0 
6 360 880 1 0 0 
6 380 880 1 0 0 
6 400 880 1 0 0 
6 420 880 1 0 0 
6 440 880 1 0 0 
6 460 880 1 0 0 
6 480 880 1 0 0 
6 500 880 1 0 0 
6 520 880 1 0 0 
6 540 880 1 0 0 
6 560 880 1 0 0 
6 580 880 1 0 0 
6 600 880 1 0 0 
6 620 880 1 0 0 
6 640 880 1 0 0 
6 660 880 1 0 0 
6 680 880 1 0 0 
6 700 880 1 0 0 
6 720 880 1 0 0 
6 740 880 1 0 0 
6 760 880 1 0 0 
6 780 880 1 0 0 
6 800 880 1 0 0 
6 820 880 1 0 0 
6 840 880 1 0 0 
6 860 880 1 0 0 
6 880 880 1 0 0 
6 900 880 1 0 0 
6 920 880 1 0 0 
6 940 880 1 0 0 
6 960 880 1 0 0 
6 980 880 1 0 0 
6 1000 880 1 0 0 
6 1020 880 1 0 0 
6 1040 880 1 0 0 
6 1060 880 1 0 0 
6 1080 880 1 0 0 
6 1100 880 1 0 0 
6 1120 880 1 0 0 
6 1140 880 1 0 0 
6 1160 880 1 0 0 
6 1180 880 1 0 0 
6 1200 880 1 0 0 
6 1220 880 1 0 0 
6 1240 880 1 0 0 
6 1260 880 1 0 0 
6 1280 880 1 0 0 
6 1300 880 1 0 0 
6 1320 880 1 0 0 
6 1340 880 1 0 0 
6 1360 880 1 0 0 
6 1380 880 1 0 0 
6 1400 880 1 0 0 
6 1420 880 1 0 0 
6 1440 880 1 0 0 
6 1460 880 1 0 0 
6 1480 880 1 0 0 
6 1500 880 1 0 0 
6 1520 880 1 0 0 
6 1540 880 1 0 0 
6 1560 880 1 0 0 
6 1580 880 1 0 0 
